 Data Logger de Temperaturas 
-----------------------------
Fecha: 06-04-2011
Temperaturas.................
-----------------------------
30
28
24
33
10
10
17
18
5
3
24
20
30
32
15
24
19
19
16
33
24
17
9
20
12
19
4
32
31
18
16
31
18
13
7
33
7
22
32
29
14
22
27
16
15
21
19
9
19
13
7
21
28
25
27
25
24
18
19
21
17
19
30
20
32
27
23
13
22
3
28
23
18
26
31
7
15
4
21
13
3
18
8
13
9
18
18
6
22
7
18
10
4
9
28
9
11
19
22
16
13
27
23
3
30
14
14
33
10
20
32
32
21
8
31
32
33
21
6
27
23
19
21
11
24
19
23
11
8
33
15
8
15
21
16
11
4
11
17
6
29
28
24
17
4
26
5
7
15
14
27
6
15
13
28
32
4
29
27
22
3
19
3
28
7
3
10
22
13
25
15
24
8
12
27
12
10
21
15
26
11
26
31
28
10
10
7
16
5
9
15
8
19
4
18
21
19
23
28
30
30
29
28
23
29
24
31
20
29
10
9
5
3
7
20
11
5
21
30
21
26
25
31
12
20
16
17
17
18
27
14
25
8
13
21
21
19
4
14
7
5
15
3
8
7
4
13
5
23
6
25
22
18
31
15
12
8
19
24
31
31
19
6
23
23
6
13
12
22
6
4
22
27
5
11
33
22
12
26
15
14
6
28
28
30
29
28
30
5
33
30
8
33
31
10
16
22
27
3
25
8
14
12
4
26
3
21
24
28
27
13
3
4
5
26
30
18
33
25
33
16
8
20
6
16
8
5
20
14
25
3
6
21
13
28
9
6
24
31
19
33
15
---------[EOF]---------
